execute time: 10
vars number: 28125
constraints number: 186790
matrix result: 
21 17  2  1 22  6  7  5 10 16 23 11  9 12  4 14 19 15 25 13  3 24 20  8 18 
 8 11 14 10  7 18 23  1  9  3 17  5 24 15 13 22  2  6 12 20  4 16 19 25 21 
25 15 18 13 20  4 22 11 19 21  2  6  1  3 10  9  5 16 24  8 17  7 12 23 14 
23  4 24  5 19 17  2 13 12  8 16 18 20 14 25  7 11 10  3 21 22  1  6  9 15 
12  6 16  3  9 15 24 14 25 20  8 19  7 22 21  4 23  1 17 18 10  5 13 11  2 
 3 23 19 25  6  9 10 20  8 24 13 12 18  1 17 16 15 14  2  7 21  4 11 22  5 
14  9  7 16 17 11 21 18 22  2 24  4 10 23 19  5  6 13  1  3  8 12 25 15 20 
22 24 13 20  8 19 25  6 15  4 21  2  5 16  7 18  9 11 23 12 14 17  3  1 10 
 5  2 21  4 10  7 17 12  1 13 15  3 14  6 11 19 25 20  8 22 18 23 24 16  9 
 1 18 15 12 11 23  5  3 16 14 25  8 22  9 20 17 24 21 10  4 13 19  2  6  7 
16  7  4 14 18 24  3 22 23 19 11  9 17  8  6 15 10 12 21 25 20  2  1  5 13 
24 22 25 17 13  2  4  7  5  9  1 15 21 19 18  8 20 23  6 11 12 14 10  3 16 
19  1 10  2 21  8 11 17 20 15 12 16 13 25  5 24  7  3 18 14  9  6 22  4 23 
20  8  3 11 23 13 16 25  6 12  7 10  2  4 14  1 22  9  5 19 15 18 17 21 24 
 6 12  9 15  5 21 18 10 14  1  3 22 23 20 24  2 17  4 13 16  7 25  8 19 11 
13 14 17  7 12  5  8 23  3 11  9 20 15 10  2  6 16 24 19  1 25 21  4 18 22 
 4 10  1  6 16 25 12 24 21  7  5 13  8 17  3 11 14 18 22  2 23 15  9 20 19 
11 20 23 19  3 22 14 16  4 17  6 21 12 18  1 25 13  7  9 15 24 10  5  2  8 
15 21  8 24  2 20  9 19 18 10 14  7 25 11 22 23  3 17  4  5  6 13 16 12  1 
18  5 22  9 25  1 15  2 13  6  4 23 19 24 16 12 21  8 20 10 11  3  7 14 17 
 2  3 12 21  1 14  6 15 11 23 20 25 16 13  9 10  8 19  7 17  5 22 18 24  4 
17 13  5 23 24 12 20  4  2 18 10 14  6 21  8  3  1 22 16  9 19 11 15  7 25 
 7 16 11 22 15  3 13  8 17 25 19 24  4  5 12 20 18  2 14 23  1  9 21 10  6 
10 19 20 18  4 16  1  9 24  5 22 17 11  7 23 21 12 25 15  6  2  8 14 13  3 
 9 25  6  8 14 10 19 21  7 22 18  1  3  2 15 13  4  5 11 24 16 20 23 17 12 
