execute time: 5
vars number: 8192
constraints number: 43193
matrix result: 
 3 12  8  5  4  7  1  9 16 15 14 10  6 11 13  2 
15  9 13 16 14  5  6  2 11  4  3  8 12 10  1  7 
10  2  4 11  3 12 16 13  1  7  5  6 14  8  9 15 
 1  6  7 14 11  8 10 15 12  9 13  2 16  3  4  5 
14 11  1  8  9  3 15  5  4 13 16  7 10  6  2 12 
12 16 15 10 13  2  7  8  5  6  1 14  4  9  3 11 
 2  5  9  7  6 10  4 14  8  3 11 12 13 16 15  1 
 4  3  6 13  1 16 12 11  9  2 10 15  8  7  5 14 
13  8 11  4  5  6  2 16 10  1  7  9 15 12 14  3 
16 14 10  3 15 13  8  4  2 12  6 11  5  1  7  9 
 9 15  2  1 12 14  3  7 13 16  8  5 11  4  6 10 
 5  7 12  6 10 11  9  1 15 14  4  3  2 13  8 16 
11  1  3 15  2  4 14 10  7  8 12 13  9  5 16  6 
 7 13  5  2 16  9 11  3  6 10 15  4  1 14 12  8 
 8  4 16 12  7 15  5  6 14 11  9  1  3  2 10 13 
 6 10 14  9  8  1 13 12  3  5  2 16  7 15 11  4 
