execute time: 5
vars number: 6445
constraints number: 14304
matrix result: 
11  5  6 10  1  9  4  3  7 12  2  8 
 7 11  4  5  2  8  6  9 12 10  3  1 
10  9  1 11 12  5  3  7  6  2  8  4 
 3 12  7  4  6 10 11  2  1  8  5  9 
 4  6  9  2  5  7  8 11  3  1 12 10 
 2  3 10 12  8  6  1  5  9  4  7 11 
 6  4 12  8 11  1  7 10  2  5  9  3 
12  1 11  6  3  2 10  8  5  9  4  7 
 5  7  8  9  4  3 12  1 10  6 11  2 
 1  8  5  3  9  4  2  6 11  7 10 12 
 8 10  2  1  7 11  9 12  4  3  6  5 
 9  2  3  7 10 12  5  4  8 11  1  6 
