execute time: 137
vars number: 715149
constraints number: 6953574
matrix result: 
70 34  8 16 10  2  6 33 55 77 20 49 36 46 58 12 67 52  1 81 51 79 13 14 22 17 25  5 80 47 71 30 68 19 40 39  7 66 59 18 60 50 53 43 24 74 75 45 35 21 28 62 72 41 37 61 56 32 23 57  9 73 15 78 65 27 48  4 76 29 63 44 26 64  3 54 69 31 38 11 42 
 3 60 54 67 14 73 47 12 58 74 68 72 59 39 75 42 63 44 65 52 20  6 30 80 77 40 49 36 38 78 48 15 13 34 64  4 22  5 71 21 27  1 79 25 11 57 55 66 33 70 37 81  9 69 24 29 10 26 43 62 45 35 76 18 51 41 23 19 56 32 31 61 28  7  8 16 46 53 50  2 17 
49  1 38 62 23  5 11 72 78 66 81 33  9 27 60 43 65 61  4 59 56 54 75 26  7 39 63 24 28 74 70 14 25 31 29 32 40 68 19 58  6  8 20 52 17 36 30 48 22 13 80 53 76  2 12 46 47 51  3 42 64 18 16 15 35 50 34 55 77 37 69 57 10 44 79 21 45 67 73 71 41 
56  9 75 76 22 68 42 15 81 62  1 35 57 34  7 78 70 10 41 19 36 44 27 60 74 28 71 53  3  2 37 59 72  6 55 50 61 13 64 69  4 51 30 48 73 58 11 43 77  5 52 14 20 32 31 66 54 79 67 17  8 49 40 26 38 45 21 46 16 39 33 24 80 23 65 29 18 12 25 63 47 
18 80 24  7 43 69 61 50 21 17  6 56 30 53 79 71 40 13 73  2 47 70 42 33 78 29 32 60 66 62 27 75 23 46 81 77 45 16 15 34 54 67 31 76 65 64  1  4 51 25  3 26 63 44 19 72 58 39 22 55 38 52 41  8 14 28 11 10 74 12 20 59 35 48 37 36 68  9  5 57 49 
64 45 17 30 37 31 44 20 29 80 19 11 38 32 26 23  4 54 46 48 68 15 69 35 76 66 16 56 49  8 73 18 57 41 61 52  3 77  2 39 78 42 62 70 81 10 47 12 34 67 59 50  7 79  5 25 28 71 63 53 75 21 65 43 13  9 72  1 36 58 22 40 55 74 60 33 27 24 14 51  6 
46 35 51 28 25 79 66 36 39  2 24 18  3 50 31 45 48 14  8 53 72 57 55 34 12 37 23 21 26 16 10 65 69 22  7 76  9 47 44 49 75 29 63 41 74 15 61 54 38 73 60  6 27 42 77 30 11 81 59 20  1 80 33 67 68 64 52 17 70 62  5 71 58 78 32 19 13  4 40 56 43 
57 52 32 27 53 13 19 63 41 37 16 73 76 25 21 69 29  8 43 50 64 61  5 31 67 38 45 44  9 11 42 54 51  1 58 20 28 46 55 33 56 12 35 26 10 65 24 17 18 40 23 71 49 68  2 48 70 14 34 78  4 36 74  6 80 75 66  3 79 47 60  7 59 77 81 39 30 22 15 62 72 
48 65 40  4 77 26 59 74 71 47 64 41 51 22 28 15  5 55 11 58  9 18 62 21  3 24 10 79 12 63 17 43 45 67 35 33 57 37 23 14 80 36 32 38 72 31 16 29 19 46 56  8 39 78  7  6 44 68 50 60 27 69 13 53 25 81  2 30 42 73 54 49 76 61 52 66 34 20 70 75  1 
29 58 70 53 16 51 32 81 43 18 57 40  6 49 59 46 36 77 75 42 34 21 15 79  9  8 47 10 65 37 22 52 44  3 63 12 19 20 62 50 26 48 41  2 76 56 78 30  7 69 71 54 73 55 64 80  4 74 38 35 17  1 28 27 23 66 33 39  5 60 72 68 45 67 61 11 31 14 13 24 25 
24 27  6 80 48 37 75 64  4 55  2 61 23 28 62 52 72 78 26 77 39 20 68 11 41 71  1 54 19 17 36 46 50 56 51 74 69  8 42 44 45 16 22 60 34 63 14 49 57 32  9 13 47 59 65 15 43 29 53 25 40 12 73 35 67 18 76 38 31 10 79  3 66 81 33 30 21 58  7  5 70 
10 79 15 49 62 36 52 21 34 35  5 43 45 30 29  7  1 74 69 66 23 28 63 12 25 67 61 26 31 76 41 16 47 58 72 13 54  4 56 11 55 68 17 78 46 75 65 51 53 60 24 77 64 81 71 59 33 27 70 32 20 57 14 22 44  2  8 50  9 42 40 19 38 18 73 48 37 39  3  6 80 
26 77 66 46 67  8 56  2 19 76 34 54 17 37 42 79 32  3 80 24 35 73 36 40 31 59 43 81  7 38 30 60  9  4 70  6 14 27 13 71 72 23 33 75 49  5 10 61 11 22 18 45 68 12 39 52 51 62 21 16 47 41 78 58 48 69 15 74 63 20 55 25  1 65 57 64 53 29 44 50 28 
38 50 73 57 68  7 30 31 35 64 51 13 25 41 33 75 69 15  5 70 65 81 22 10 58 48 46 71  8 18 55 67 43 45 59 62 79 80 12 28 66 39 47 29 52 23 72 76  2  6 42 27 16 21 11 63 61 19 44 37 36  3 49  1 26 56  4 77 53 24 14 32 20 60 34 17  9 78 74 54 40 
 1  3 28 61 55 22 23 47 44  9 67 14 24 12  8 31 19 53 51 45 33 78 60 32 62 72 74 11 77 48 79 49 39 64 75 42 30 73 10 65  7 18  5 40 35 20 43 26 25 38 34 46  4 17 66 81 68 50 58 54  6 13 69 36 70 80 57 29 37 59 21 16 27 52 63 76  2 15 56 41 71 
11 40 78 60 17 65 13  5 74 20 58 39 81 63 27 70 10 80 52 49 76  4 50 16 14 18 30  2  1 34 61 33 35 66 28 25 53  9 38  3 24 43 57 21 32 48 37 44 29 41 36 15 79 31 26 56 42  7 45 72 77 55 67 64 46 62 54 12 51  6 71 73 75  8 19 59 47 69 23 22 68 
42 69 72 59 71 63 33 76 54 21  4 38 50 26 66 56 47 16 29  6 53  2 64 44 17  3  7 14 40 68 23 27 73 57 20 78 51 81  1 25 58 15 74 37 31 35 28 80 67 39 70 19  8 52 46  5 22 48  9 18 60 79 24 41 61 34 13 65 11 30 75 45 32 36 43 62 49 10 55 12 77 
41 25 14 39 45 12  9 18 20 44 65 68 48 73 71 11 60 22 54 13 37 27 38 57 55 56 19 29  5 80 53 32 21 69 24 15  6 70 63 77 67 61 59 36 64 40 33  1 66 74 50 58 62  3 10 31  2 30 76 23 34  8 75 47 49 17 28 52 78 81  7 43  4 79 16 72 26 51 42 35 46 
27 59 62 18 42 71 57 13 47 50 46 44 73 19 15 63  3 29 34 17 77 25 61 38 30 58 48 32 70 53 56 26 81 79 60 64 65 78 52 75 14 45 68  4 16  9  5 39 43 28 12 67 74 33 23 36 80 10  2 31 54 22  1 40  7 49 35 37 41 66  6 21 72 24 51 69 20 11 76 55  8 
14 24 58 64 80 53 69 22 70 48 37  4 79 67 39  8 76 36 55 12 31  1 47 29 28 46 56 23 52  5  2 63 54 11 17 21 13 74 50 41 33 10 49  7 57 19 42 62 78 26 75 61 30 25 35 45 71 65 16 51 44 20 66 59 27 77 18 68 72 38 32 60 81 15  9 40  3 34  6 43 73 
17 55 39 75 72 25 10 28 46 16 53  2  5 38 80 61 20  1 27 40 57 67 24 81 65 14 78 42 62 44 50 47 71 76 19 18 63 29 31  8 51 60 34 35 59  6 66 36 69 77  4  3 41 37 58 43 74  9 48 13 26 56 70 54 73 22 30 15 64 33 11 23 12 21  7 32 79 52 49 68 45 
60 74 29 19 52 54 77 78  3 34 14 58 41 43 45 57 51 68 36 35  4 72 21 50 73 23 11 65 20 25 59 22 55 13 10 69 38  6  9 12 32 30 66 42 71  1 18 15 64 80 49 31 53 70 33 17 40  5 47 24 81  7 37 62 39 79 16 44 48  8 76 46 61 56 75 26 28  2 63 67 27 
21 44 36 56  7 16 35  6  8 28 62 60 18 24  9 65 74 30 53  5 71 32 49 41 42 68 64 78 57 40 58 48 66 75 14 27 70 39 22 43 23  2 54 46 77 81 38 59 76 50 17 52 11 51 73 79 15 55 12 69 25 63 72 13 19 67 26 20 45  3 61 34 33  1  4 31 80 47 10 37 29 
 2  5 34  9 32  4 68 73 37 31 56 42 26 23 70 25 11 71 63 15 75 60 39  6 43 45 66 72 16 33 28  3 24 77  8 36 20 44 17 81 64 40 69 80 55  7 22 47 79 35 46 10 48 27 21 41 67 49 61 76 53 59 50 51 74 65 12 58 52  1 78 29 14 54 38 13 19 62 57 18 30 
51 26 30 23 61 43 45 41 11 33 10 32 35 21 40 49 64 81 62 69  7 37 59 19 54 13  2  9 46 67 12 38  1 74  6 68 18 56 53 48 15 76 27 79  3 71 20 55 63 72 16 73 60 34  4  8 75 57 52 77 78 14 29 80 28 25 24 42 47  5 17 31 22 66 44 65 50 70 39 58 36 
66 12 48 81 31  1 38 65 76 59 13 52  7 47 55 22 77 27 18 16 70  3 79  8 33  9 20 43 35 51 34 61 80 49 15 73  5 58 67 26 37 72 21 24 28 54 40 57 44 45 32  2 29 56 60 68 62 46 19  6 11 39 30 14 53 10 63 36 50 69  4 75 71 42 23 41 64 17 78 25 74 
50 15 33 20 40 67 63 49 79 69 54 66 78  6 17 72 12 75 44 26 22 51 74 52 10 80 76 30 41 31  4 29 37 39 45  7 36 19 25  1 73 62 61 11 47 24 21 58  8 68 14 65 13 23 42 28  3 34 32 38 18 27 64 70 81 71 43 57 55  9 56  2 53 35 48  5 16 77 46 60 59 
39 21 16  1 50 52  7 27 15  3 76 78 40 33 19  5 61  2 49 18  8 47 51 77 79 74  4 64 81 70 62 13 67 42 31 17 48 54 28 73 71 69 14 30 26 12 23 10 20 34 29 68 56 60 44 57 41 80  6 11 63 58 25 75 22 53 55 59 46 65 43 35 37 32 45 24 72 38 36  9 66 
77 67 60 68 73 56 53 62 26 57 47  1 80  4 52 41 37 17 42 76 28 69 81 63 23 50 44 48 15  9 74 40 49 35 36 24 27 25 29 51 18 78 12 34 66 61 19 72 58 43 30 16 75 39 22 32  7 54 33 64 65 46 59  5 45 14 10 13 21 11 38 70 31 20  2 55  6 71  8 79  3 
44 14  9 42  3 58 12 11 17 30 71 46 43 45 74 66 22 51 67 27 24 55 37 62 80  2 60 68 59 72 18 56 19 20 50 79 77 61 49 35 16 33 38 53 15 47 69  7 54 63 26 70  6  5 36 39 29 21 73  8 76 34 31 32 64 48 78 81 40 23 25  4 52 75 13 28 10 57 41  1 65 
80 51 25 71 63 49 18 54 10 27 75 69 20  8 53 67  6 21 64 78 13 41 72 68 19 31 38 76 43 28  5 39 34 73 66 23 44 57  7 22 36 81 56 32 58  4 50 35  3 59 55 11 77 65 70 60 52 42 40 79 24 30 45  9 15 74 37 62  1  2 29 33 48 12 14 47 61 46 17 26 16 
22 20 19 35 70 72 78 75 38 25 31 23 13 68 24 62 15 32 40 73 52 26  6 43 11 36 34 55 61 29 16 77 12 65 33  8 80 64  3 47 21 46 50 39 63 53 45 71 48 57  1 28 81 14 74  9  5  4 27 10 37 17  2 76 66 60 79  7 30 41 44 18 42 69 58 56 67 59 51 49 54 
32 47 59 41 36 24 81 43 23 70 28 29 49 48 18 26 79 64 17 75 58 46 14 54 71 53  5  4 30 52 44 10 38  7 37 22 76 40 20 60 74  9 65 45  1  2 13 73 42 78 67 21 31  8 51 55 19 66 72 56 50 62  3 34 12 57 69 80 61 16 27  6 63 68 35 15 11 25 77 33 39 
45  6 74 13 34 46  2 57 28 73 38 65 16 36 72 55 14 50 70 39 48  9 12 15 21 33 35 69 58 75 78 11 60 25  3 80 59 67 79 10 68 37 42 31  4 44 32 22 40 24 62 41 51 66 18  1 49 23 20 26 43 71 61 17  8 19 77 63 54 56 52 47 29 27 64 53 81  7 30 76  5 
 4 48  5 33 69 76 55 61 66 54 42 59 34 10 63 44 81  7 57  3 32 30 56 65 20 25 29 46 45 14 21  2 53 27 71  1 41 24 11  6  8 52 13 17 19 79  9 64 37 18 74 38 36 49 28 75 77 16 15 67 35 47 12 72 31 39 50 26 73 51 68 58 62 40 78 23 43 80 60 70 22 
30  8 65 79 64 40 37 29 31 12 60  9 77 58 11 35 39 56 10 61 16 22  1 66 45  7 59 41 51  6 63 57 32 54 26 47 43 23 75 72  5 70 55 62  2 17 80 52 27 76 15 33 25 46 81 38 13 78 69 14 48 53 68  3 24 20 42 49 71 36 28 67 18 50 74 73  4 44 19 21 34 
 5 32 55 77  1 44 41 24  2 75 23  8 12 59 68 81 42 45 47 21 60 14  7 48 50 61 73 49 17 66 52 36 10 63 65 54  4 51 16 62  9 25 15 28 56 11 79 78 13 37 20 34 69 72 67 19 26 18 57 39 31 43  6 46 58 76  3 40 38 71 64 74 30 80 70 22 29 35 53 27 33 
 8 33  3 31 74 30 27 46 65 15 79 50 54 52  4 37 53 39 25 62 59 10 23 17 49 22 26 75 21 57  9 41 16 61 34 71 81 72 58 68 76 44 77 55 13 66 60 67 14  1  6 80 18 19 63 69 32 56 29 48 28 11 38  7 43  5 70 45  2 35 12 51 73 47 36 78 40 42 20 64 24 
75 36 81 10 12 17 70 67 72 71 29 22 32  1 35 18 80 33 66 56 40 31 78 55  4 30  9 50  6 64 25 51 42 59 73 48 60 34 26  5 65 53  7 20 69 46  2 38 16 52 21 57 15 77 49 24 76 58 62 74 23 44 27 28 54 13 47 79 68 19 37 14 43 39 11 63  8 41 45  3 61 
 9 22 37 63 29 78 64 59 62 19 40 25 55 16  2 14 66 49 20 36 12 58 35 69 13 57 24 77  4  7 31 81  5 72 67 70 46 18 45 80 11 38 39 74 41 43  3 75 65 17 73 47 32 76  8 50 79 60 30 61 33 51 71 21 42 15 53 27 10 34 23  1 44 26  6 68 54 56 48 28 52 
73  4 71 34 11 15 58 51 56  7 41 20 10  3 43 13 62 28 79 38  6 45 77 76 32 63 37 39 60 46  1 74 40 33 12 26 67 17 35  2 61 47 48 49 23 42 64 27 70 29  8 24 55 54 78 22 53 52 25 75 16 68 80 57 50 31 36 18 65 44 30  9 21 59 72 81  5 19 66 14 69 
52 39 45 50 57 42 14 69 18 60 72 51 11 56 61 47 30 65 16  1 81 74 33  3 27 54 75 28 29 23 68 35 20 15 22  2 12 43 78 63 19 66 24  8 70 41 58  5 49 53 44 40 71 10 17 64 59 13 36 46 21  9 77  4 62 55  6 32 80 48 73 26 67 25 76 34 38 79 37 31  7 
35 19 20 38 47  6 40 79 49  5 21 26 27 70 57 77 34 76 28 80 29 42 71 53  2 64 65  3 55 69  8 44 18 43 11 58 31 33 37 36  1 14 52 22 75 51 62 68 30 48 25 59 61 74 45 10 73 41  7 15 66 81 54 56 78 63 17 16 24 67 39 72 46  9 50 12 60 32  4 23 13 
28 13 76 66 60 61 48 26  7 58 36 31 64 17 44  6 38 67 68  8  5 34 46 70 51 43 15 37 14 79 19 24 78 32 80 53 29 21 73 27 50 54 10 57 30 39 81 33 45 56 63 23 12  9 72  3 35  1 65  4 42 40 47 11 59 52 20 25 22 75 41 69  2 62 55 71 77 49 16 74 18 
68 23 53 21 54 80 43 25 16 78 74 24 63 69 48  9 73 46 19 41 11 39 44 67 72 52 18 62 13 56 38 45 76 47 27 30 71  3 40 32 42  6 64 59 79 22  4 31 28 36  7 35 26 50 34 14 37 12  5 70 55  2 20 61 33 29 81 60  8 77 49 66 57 51 17 58 65  1 75 10 15 
34 43 69 55 46 77 71 14 60 72 61 21 65 75 22 76 31 35 13 25 50 29 58 78 66 20 68 70 74 30  3 62 28 26 52 81 16 42 24 53 17 49 40 67 48 59 12 37  9 10 79 51 45  6 56 54 27 63  1 19 80 32 44  2  4 38 39  8 23 64 18 11 15 41  5  7 33 36 47 73 57 
40 63 35 22 13 28 20  7 27  8 44 30 46 62 77 33 59 70 32 43 61 75 26  5  1 19 36 47 34 73 49  9  2 16 23 57 78 50 14 31 41 65 60 81 38 25 15 11 68  4 76 17  3 29 53 21 18 64 42 52 51 66 79 55 72 24 56 71 67 74 80 10  6 45 12 37 48 54 69 39 58 
62 37 52 54 78 23  3 58 48 53 27 17 68 71 51 74  9 24 72 44 80 56  8  4 16 12 55 61 76 42 33  6 59 18 46 10 39  7 43 57 30 19 26 15 29 34 36 50 41 31 47 64  1 40 13 67 14 25 11 22  5 65 35 81 60 70 75 73 69 63 45 77 79 49 21  2 32 66 28 20 38 
79 42 21 11 30 47 73 17 80  4 69  3 67 60 56  1 57 66 31  7 14 71 48  2 53 76 51 15 24 41 39 68 64 50 44 45 55 63  5 52 35 32 36  6 62 28 49 13 75 54 27 20 58 26 29 74 16 38 78 81 72 77  8 37  9 33 65 61 43 46 59 12 70 19 40 10 25 18 22 34 23 
61 57 67  8 44 64 76 38 24 23 12 36 29 79 34 50 26 40 33 65 45 63 52 18 60 73  6 31 71 54 66 58  4 80 32 75 72 28 68 46 47 74  9 51 22 69 77 81 55 62 19 43 70  7 20  2 48 17 39  3 49 37 10 25 21 30 41 78 15 14 16  5 56 13 42  1 59 27 11 53 35 
 6 10  4  5 81 74 36 45 32 39 52 19 15 13 41 20 49 73 30 34 38 59 70 28 69 77 27 12 11 22 72 53 29 37 21 43 56 79 33 64  2 71  8 23 25 16 35 60 80 65 66 44 67 18 55  7 57 40 75 47 61 24 58 68 76  1 31 54 62 50 42 48 51 17 46 14 63  3 26 78  9 
72 75 50  2 15 66  1 56 33 43 63  6 47 54 25 80 28  5 39 46 42 24 10 49 81 11 62 19 67 60 77  7 79 17 38 35 37 76 18  4  3 59 73 27 20 30 71 21 32 61 78 48 14 53  9 70 12 36 26 41 69 45 23 52 29 58 51 22 57 40 34 13 64 16 31 74 55  8 68 65 44 
65 68 26 29  9 41 51 53 12 10  7 48 37 14 16 38 55 18 23 54 17 35 67 74 64 21 22 13 63  1 40  8 36 78 25 56 11 69 70 61 77 58 44 66 45 73 52 46 39 33  2  5 42 57 59  4 31 15 60 71 30 28 34 20  3 47 27  6 32 49 19 79 24 72 62 50 76 43 81 80 75 
16 31 18 70 49 59 39 19 25 81 45 64  2 11 32 58 78 42  3 57 15 40 41  9 37 47 79 51 27 55 20 69 65  5 48 14 10  1 80 54 34 13 75 12 21 38 74 56 23  8 72 63 24 22 50 33 46  6 68 73 62 76 43 44 36 35  7 66 17 26 53 28 77 30 29 60 71 61 52  4 67 
43 71  2 25  5 70 62 66 14 42 26 12 75 44 36 54 68  9  6 22 74 77 17 56 40  1 39 38 48 58 51 64 33 28 16 59 73 65 32 79 81 55  3 19 61 72  7 53 21 49 41 37 80 20 76 13 60 35 31 29 15 78 63 23 69  8 46 11 34 52 57 27 47 10 67  4 24 45 18 30 50 
78 28 23 40  4 50 16 44 13 67 33 62 21 29 81 48  7 57 61 68 25  8 65 42 59 51 41 27 10 71 32 17 31 55 79 37 52 38 46 30 53 75  2 47 36 18 73  6 24  9 45 39 34 11  3 77 20 70 56 66 58 74 22 49  1 54 19 76 26 43 35 63  5 14 15 80 12 72 64 69 60 
19 76 68 45 27 21 72 34 63 79 66  5 31 80 20 28 46 38 37 30 26 13 11 71 52 35 70  6  2 12 47 25 75 36  1 49 15 22 54 78 10 24 58 64 60 14 17 32  4 44 77 74 43 62 69 42  8 61 81  9 59 33 48 16 18  3 67 51 39 55 50 56 65 73 41 57 23 40 29  7 53 
12 73 64 65 20 35 29  9 77 11 70 16 74 18 13 24 25 60  2 67 27 76  3 75 46 32 50 22 68  4 15 34 26 23  5 63  1 41 66 17 28 80 72 71  8 78 51 69 52 47 10 79 40 58 57 49 30 43 55 45  7 54 19 48  6 21 14 53 59 61 62 81 36 37 39 38 44 33 31 42 56 
53 30 41  6 26  3 54 52 57 61 15 76 19 64 49 59 27 34 24 31 55 43  9 47 18 81 80  8 69 45 35 72 77 40 39 29 21 14  4 42 20  7 25 56  5 68 67 28  1 23 13 60 66 38 75 51 65 44 10  2 12 50 11 73 79 32 74 33 58 22 36 37 17 46 71 70 78 48 62 16 63 
67 81  7 15 51 32 60 39 42 63 77 53 69  2 50 40 52  6 78 10 21 49 20 72 29  5 54 18 44 43 24 76 41 14 74 66 33 31 27  9 57 35 45 13 68 70 56 16 26 55 61 30 22 48 79 47 17 37 46 36 73 23 62 38 71 12 64 75  4 25 65 80  3 34 59  8 58 28  1 19 11 
37 49 31 58 38 11 80 10 59 51 32 45  1 55 14 17  8 23 48 63 73 36 53  7 57 79 69 52 42 61 81 78 56 21 13 60 74 12 34 70 62 77 76 44 39 50 46  3 15 19 33 29 65 71  6 27 64 67  4  5 41 16 18 24 47 40 68 72 20 28  9 30 54 43 25 75 22 26 35 66  2 
69 17 46 48 33 18 24  1 22 56  3 37 39 72 47  4 71 41 58 64 19 66 34 23 44 60 12 73 53 20 65 80 62 30 57 11 50 49  6 67 59 63 51 16 43 76 54  8 36 81 35 42  5 75 32 26 38 28 14 40 68 25 52 45 10 78 29  2  7 31 70 15  9 55 77 27 74 21 61 13 79 
36 56 47 74 79 75  8 55 61 65 35 10 22 78 73 30 58 43 14 33 62 38  4 45 15 16 28 67 54 19 46 50  7 70  9  3 23 26 48 29 40 11 18 69 37 27 31 25 59  2 64 12 57 63  1 34 21 53 24 80 71 72 39 66 41 42 60  5 44 13 77 17 49  6 68 20 52 76 32 81 51 
63 53 44 51 19 60 74 32  1 38 22 28 52 40 78 68 35 59 50 55  3 11 29 58 39 27 17 16 47 21 45 42 70 24 62 67 64 75 69 37 48 20 71 61 18 33 41 79  6 15  5 76 23 36 14 73 34 72 54 12 56 10  4 77 30  7  9 43 66 80  8 65 13 31 49 25 57 81  2 46 26 
23  2 57 26 21 62 15 48 69 41 73 63 44  7  5 51 33 20 74 72 78 68 66 30 34 10 67 80 25 13 14 79 61 81 77 38 42 36 60 55 39 17 11  1 54  3 70 65 50 71 31  4 19 35 16 58 45 24 18 49 32 64  9 29 56 59 22 47 12 76 46 52 40 53 28 43 75  6 27  8 37 
76 72 11 17 59 29 49 71 50 36 39 81 62 31 54 64  2 12  9 28 79 65 16 61 70  6 53 74 33 10 26 37 63 51 78 44 25 15 47  7 38 41  4  3 80 13 57 77 46 14 58 32 52 43 27 23 66 20  8 30 19  5 21 60 75 68 40 24 35 18 67 55 69 22 56 42  1 73 34 45 48 
81 41 12 43 28  9 31 37 64 45 55 79 42 66 46 16 24 19 71 32 63 33 73 22 36 62 13 58 18 35 75  1 15 60 30  5 68  2 21 59 52 34 70 14 44  8 27 74 47 51 40 56 78 67 25 11 50 69 17 65  3 29 57 10 20 72 49 48  6  4 26 53  7 38 54 77 39 23 80 61 76 
54 70 61 47 58 39 67 42 40 13 25 77 72  9 30 34 50 69 12 20 43 48 57 46 75 15 21 66 32 36  7 19  6 53 56 65  8 45 74 76 49 27 23 63 51 60 29 18 10 11 38 55 17 73 41 71  1 59 80 28 22 31 26 33 37 16 44 64 81 78  2 62 68  4 24  3 35  5 79 52 14 
13 16 22 14 24 45  4 35 75  1 80 70 71 65  3 32 23 47 76 60 41 52 18 64  8 26 40 34 72 27 29 20 46 68 43 31 58 53 77 56 12 28 78  5 50 49 48 42 81  7 69 66  2 30 61 62  6 33 37 44 39 38 51 63 57 36 73 21 25 79 15 54 74 11 10 67 17 55  9 59 19 
20 78 80 36 56 34 79  3  5 14 17 57  8 61 76 53 43  4 59 51 69  7  2 25 38 49 42 40 64 39 11 73 52 48 54 55 24 10 72 66 13 22 19 65  6 37 26  9 12 75 68  1 44 45 15 35 81 77 74 63 46 67 60 50 32 23 71 31 28 27 58 41 16 33 47 18 70 30 21 29 62 
25  7 10 52 18 33 65 77 30 29 48 27 60 74  6 21 56 26 35 47 54 19 45 37  5  4 81 59 22 49 76 23  8 71 41  9 62 32 57 16 79 31 46 73 67 80 53 34 61 20 39 72 28 24 43 40 78 75 13 68  2 70 55 42 11 51  1 69 14 17  3 38 50 63 66 44 36 64 58 15 12 
55 66 27 73  8 38 46 68  6 49 18 67 58 15 37 10 75 11 77 23  1 80 31 24 56 44 14 57 50  3 69  4 17 12  2 28 35 30 81 40 29 26 43 33  9 21 25 63 62 64 54 22 59 16 48 76 36 47 79  7 52 42 53 74  5 61 45 34 19 70 13 39 60 71 20 51 41 65 72 32 78 
59 54 77 78 75 10 22 23  9 46 11 80 61  5 12 73 21 62  7 79 49 64 25 27 48 55 58 17 36 50 67 31 30 38 53 19 34 52 51 45 70  3 28 68 40 29 76 41 72 42 65 18 35 15 47 37 63  8 71 33 13 26 56 69 16 43 32 14 60 57 81 20 39  2  1  6 66 74 24 44  4 
47 61 49  3 66 14 21 60 52 24 59 74 33 42 69 27 16 48 45 11 10 53 19 73 26 78 57 20 37 81 54 55 58 29  4 41 32 35 36 38 31  5 80 77  7 67 39  2 56 12 22 75 50 28 62 44 72 76 51 43 79  6 17 71 63 46 25 23 18 68  1  8 34 70 30  9 15 13 65 40 64 
74 11 43 32 41 81 28 16 36 68 50 71 66 20 10 29 45 63 60 37 18 23 76  1 24 34  3 35 79 65 57  5 22  8 69 46 17 55 61 13 25 64  6 54 12 52 44 14 73 30 48  9 33 47 80 53 39  2 77 59 70 15 42 31 40  4 62 56 27 72 51 78 19 58 26 49  7 75 67 38 21 
33 18 42 44 76 20 26 70 73 32 49  7 14 77 64 19 17 79 81  9 46 62 54 13  6 65 52 25 39 24 60 21 48  2 47 34 75 59  8 15 43  4 16 50 78 45 63 23 31 66 51 36 38 80 40 12 69 11 28  1 29 61  5 30 55 37 58 67  3 53 74 22 41 57 27 35 56 68 71 72 10 
15 46  1 37  6 48 34 40 51 22 30 55 56 57 38 39 41 25 21  4 67 12 43 36 63 75 33  7 78 77 80 66  3  9 42 61 49 60 76 24 44 79 29 72 14 26 68 20 71 58 11 69 10 64 54 18 23 31 35 27 74 19 32 65  2 73  5 70 13 45 47 50  8 28 53 52 62 16 59 17 81 
 7 38 79 24 65 55 50  8 53 52  9 34 70 51 67  2 44 37 15 74 30  5 80 59 35 69 72 33 73 26 64 71 14 62 76 40 47 48 41 23 46 56  1 18 27 32  6 19 60 16 43 49 21 13 68 20 25  3 66 58 57  4 81 39 17 11 61 28 75 54 10 36 78 29 22 45 42 63 12 77 31 
58 29 63 12  2 27  5 30 45  6 78 47 28 35 23  3 54 31 56 71 44 16 32 51 68 41 77  1 75 59 13 70 11 52 18 72 66 62 39 74 22 57 81 10 33 55  8 40 17 79 53  7 37  4 38 65 24 73 64 21 67 60 46 19 34 26 80  9 49 15 48 42 25 76 69 61 14 50 43 36 20 
71 62 13 69 39 57 25  4 68 40  8 15 53 76  1 60 18 72 38 14  2 17 28 20 47 70 31 45 56 32 43 12 74 44 49 51 26 11 65 19 63 21 67 58 42 77 34 24  5 27 81 78 54 61 30 16  9 22 41 50 10 75 36 79 52  6 59 35 29  7 66 64 23  3 80 46 73 37 33 48 55 
31 64 56 72 35 19 17 80 67 26 43 75  4 81 65 36 13 58 22 29 66 50 40 39 61 42  8 63 23 15  6 28 27 10 68 16  2 71 30 20 69 73 37  9 53 62 59 70 74  3 57 25 46  1 52 78 55 45 49 34 14 48  7 12 77 44 38 41 33 21 24 76 11  5 18 79 51 60 54 47 32 
