execute time: 3
vars number: 4032
constraints number: 16004
matrix result: 
 8  3  6 10  1  9  4  5  2  7 11 12 
 2  4  7  5  8  6 11  9 10 12  3  1 
 7  9 12 11 10  5  1  2  6  3  8  4 
 3 10  2  7  5  4  8 12  1  6  9 11 
 4  6  1  2  3  7  9 11  5  8 12 10 
 1 11 10 12  2  8  3  6  9  4  7  5 
 6 12  9  8 11  1  7 10  4  5  2  3 
10  1 11  3  4  2  6  8 12  9  5  7 
 5  7  8  9  6  3 12  1 11 10  4  2 
11  8  5  4  9 12  2  7  3  1 10  6 
12  5  4  1  7 11 10  3  8  2  6  9 
 9  2  3  6 12 10  5  4  7 11  1  8 
