execute time: 213
vars number: 117649
constraints number: 22599573
matrix result: 
26 48 41 35 10 31 18  9 17 12  2  8 22 13 34 40 16 21 49 30 20  7 32 28  6 23 36 33 11 47 46 44 42 27 43 45  3  5  1 25 29 14 19 38  4 24 37 15 39 
29 32 38 46 43 22 36 15 19 48 33 42  4 41 31 47 39  1  7  3 27 11 14 17 37 21 20 18  2 45 26 24  8  6  9 40 44 35 16 34 49 30 25 12 28 13  5 23 10 
34 49 23 33 27  2 39 35  7 36 28 11 24 43  4 25 26 10  9  6 13 41 38 19  3  1 44 15 21 20 30 40 29  5 32 42 12 17 47 37  8 48 22 16 31 46 45 14 18 
16 44  7 40  3  5 15 39 20 34 29 38 30 47 12 14 28 19 43 45 22  8 49 24 46  9  2 48 41 18 31 37  4 13 25 11 33 27 36 10 23 26  1 32 21 35 17  6 42 
21  1 12 45 28  4 42 49 18  6 25 26 37 14 29 23 36 44 32 24 38 27 40 34 16  5 22 13 48 35 17  3 15 10 39  7 46 41 19 43 31  9 33 47  8 30 11 20  2 
19 13 20 37 25 30  9 40 32 46 16  5 23 45 42 17  8 11 48 15 33 43 35 31 10 39  4 47 49 34 36  1 12 14 38  6 21 28 18 24  2 22 29  3 27 26 44 41  7 
 8 14 17 11 47  6 24 10 44 21 31  3 27  1  5  2 35 41 18 46 37 30 12 29 25 45 42 26 16 33 23 28 22  7 19 32 20  4 13 39 38 15 34 43 48 40 49  9 36 
45 26  9 22 34 16 23 41 28  3  1 33 44  7 38 11 48 42 30 32 29 47 39 46  5  6 13 19 27  8 12 18 31 35 20 14 40 43 17  2 36 24 15  4 49 25 10 37 21 
 3 39  6 31 33 15 20 18 30 13 49 34 45 46 37  4 43 35 27 41 44 40 16 21 23 42 24  1 25  2  5 48 32 38 36 19  9  7 11 47 22 10  8 26 29 12 14 17 28 
32  5 10  8 40 18 35 11 14 22 38 27 19 17 47 26  7  6 13 25  1  3 31 15 34  4 45 30 44 42 49 33 24 23 29 12 37 48 20 16 28 21 41  9  2 39 36 46 43 
13 29 37 30 48 44  7 16  4 26 10 23 36 21 14  9  5  3 19 31  8 12 43 18 11  2 41 35 47 46 28 45  1 17 40 49 25 32 39 15 33 38 24  6 42 34 20 22 27 
42 41  1 14 11 12  4 20 39 15 48 29  5 37 16 24  2 49 23 17 46 25 28 33 36 26 32 22  9 10 43 21 19  3  6 27 34 31 45 35 18  8 44 13 40  7 30 38 47 
36 21 24 17 38 46 27  2 47 25 43 32 12 35 45 28 18 33 34 20 40 14 37 49  8 29  9 10 22  7 15 39 16 41 30 13 26 23 42 44  4  6  3 48 11 31  1 19  5 
47 43 25 49  2 28 19 31  6 24 42  9  8 40 21 36 22 12 39 10 15 20 44 48 38 17  7 27  4 13 37 14 34 11 26  3  1 46 30  5 41 29 23 45 35 33 18 32 16 
 5 34 11 15  9 35 28 33 25 37 39 21 41 18 49 32 38 20  4 22 10 42 45 14 40 19 16 24 26 23 48 36 47 43 46 44 17  3 12  8  6 13 31  2 30 27  7 29  1 
 4  7  3 25  6  1 48 24 45 49 20 47 13 29 40 31 11 30 36 44 19 18 46 43  9 33 38 37 12 41  2 35 39  8 16 15 22 42 21 23 27 28 32 17  5 10 34 26 14 
20 17 21 13 30 37 29 12 26  5  8 40 34 10  2 27 14 47 42 28  7 22 15  4 49 32 11 41  1 44 33 31  6 25  3 46 48 36 35 18 24 16 39 19 43 23 38 45  9 
33 18 47 23 26 19 46 43 11 31  9  2 32 48 25 16  6 39 41 35 34  5  7 36 29  8 12 20 13 17 42 38 10 28 27 30 49  1  4 14 45 37 21 22  3 15 24 40 44 
22  8  2 10 16 41 38 36 46 42 27 14  7 30 15 21 37 26 45 12 23 17  3  1 44 31 35 34 24 40 32 19 20 49  4 29  5 25  9 11 39 43 47 33 13 18 48 28  6 
14 12 27 39 32 36 31 22 23 19 35 16  3 44  1 18 46 24 33 43 17 28 13 25 48 47 26  6 15 21  9 30  5 29 45 10 41  2 34 38 40  7 49 42 37 20  4 11  8 
43 40 44 42 49 24 45  6 38  1  4 15 17 28  9 29  3 13  5  8 48 39 10 23 30 27 21  2  7 14 34 11 37 22 18 26 47 19 31 20 32 33 46 35 16 36 41 12 25 
 2 38  8 47 21 25  1 44 24 23 37  4 28 27 11 30 33 40 20 36 43 19 26  3 13 14 48  9 39 29  6 49 17 32 10 22 35 34 41 45 46 42 16 15 18  5 12  7 31 
24 31 22 12 35 27 16 26  5 45 17 19 47 25 39 38  9 28  3 18 14  1 33 41  7 10  8 46 40 15 44 13  2 42 37 43 32 21 48  6 11 20 30 34 36 29 23  4 49 
46 11 32 48 44 23 49 42  2 41 34 13  6 31 27  7 19 37 12 21 16 24 30 22 20 40 18 28  5 36 35 47  9  1 14 38 29 33 15  4 17 25 26 39 10  8  3 43 45 
37 36  5 20 13 39 26 21  8 18  7 10 43 12 17 22 15 32  2 23 49 34 42  6 47 35 29 45 33  3 24 27 30  4 28 16 14 40 44 31  9  1 11 41 25 19 46 48 38 
 7 45 29  9 15 10  3 48  1 11 40 35 20 33 24 41 47  5 31 34 25 32  4 39 17 49 23 12 46 16 22 43 38 19  8 36 27 30  2 28 26 18  6 21 14 44 13 42 37 
 6 28  4 34 14 40 33 30 15  9  3 39 46 32 48 44 42 29  8 13 45 36 11 38 43 25 37 16 31 12 18 41  7 26 21 47 23 24  5 19 10 49 27 20 17  1 35  2 22 
18 19 42 41 17 43 30 38 36 14 22 49 29 16  6 46 10  4  1 26 35  2  5 44 21 15 27 31 45 11 20 25 48 34 23 37  7 13  8 12  3 39  9 40 32 28 47 33 24 
49 47 48  5 22  9 21  3 12 38 23 41 10 26 44  1 29  2 25  7 24 31 20  8  4 16 43 32 37 30 19  6 40 18 42 28 39 45 33 27 34 35 13 11 46 14 15 36 17 
30 25 33 28 41 11 12 32  9 39 44 24 21  5 13 42 27 43 37 48  3 15  6 35 45 36 46 40  8 22 47 34 14 31 17 20 38 26 29  7  1  2  4 18 19 49 16 10 23 
27 16 15  3 24  7 37 19 29 43 18 22  1 20 41 33 40 14 28  4 31 44 21 10  2 48 34 11 36 38 45 46 49 12 13  8 42  6 23 17  5 32 35 30  9 47 39 25 26 
 1  2 13 36  8 34 32 37 16  4 46 45 25 15 20  6 17 22 35 49  9 38 29 47 19  3  5 23 28 24 39 26 11 21  7 31 10 18 40 30 14 12 48 44 33 42 43 27 41 
39 46 26 44 19 20 10 27 49 28 36  7 40 42 23 34 12 38 16  5 21 13 41 30 18 22 17 14 29  4  1 32 25 33 35 48 11 37 43  9 15 47  2 24  6 45 31  8  3 
40  6 31 29 23 42 14 34 48 35 13 17 11  2 36  8 30 45 15 47 18 26 25 27 33 37 39  7 43  9 10 16  3 44  5 24  4 49 22 41 19 46 20 28  1 38 32 21 12 
17 35 18 38  4 45 43 14 31  8 47 30 33  6 10 19 32 46 26 39 11 49  9 12 24 28  1 42 23 48 27 20 41  2 15 25 13 44  3 21 16 36 37  5  7 22 29 34 40 
31 10 16  4  1 14 34 13 42 33 12 18 26 24  7 49 23 15 44 37 28 48 17 20 35 11 40 39  6 32 25  2 21 46 41  9 30  8 38 22 43 45 36 27 47  3 19  5 29 
44 37 45 19  5  3 40 46 21 47 11 31 15  4 18 39  1 25  6 29 30  9 27  2 32 12 10 43 34 28 13  8 36 16 22 17 24 20 14 42 48 23 38  7 26 41 33 49 35 
15 24 30 21 29 32  6 28 35 44 19 37  2 22 43 45 41 27 46  9 12 16 34 42 14 13  3 38 17 49 11  5 26 48 33 39 36 47 25 40  7 31 10  1 23  4  8 18 20 
11 33 49  7 46 38 47 17  3 20  5 25 39  8 19 48 34 31 21 14  2  4 23 26 41 44 15 36 42 43 29 10 35  9 24 18 28 12  6  1 13 27 40 37 45 32 22 16 30 
28  9 39 43 42 26  8 29 27  7 14 48 49 36 35 10 20 16 22 38 32 21 24 45  1 30 33 25 19 37  4 23 18 40 47 41 15 11 46  3 44  5 17 31 12  6  2 13 34 
12 22 35  2 20 17 13  1 40 32 41  6 38 23  3  5 24 36 47 11 26 29 18 37 28 46 19  8 14 27  7 15 45 30 31  4 16 10 49 33 21 34 42 25 39 43  9 44 48 
41 23 36 27 18 48 25 45 10 16 30 43  9 34  8 13  4 17 40 33 42  6 47  5 22  7 31 49  3 39 38 12 44 20  1 35  2 29 32 26 37 19 28 14 15 11 21 24 46 
23  3 14 24 12 13  5  4 41 10 26 36 31  9 30 43 45  8 29  2 47 37  1 32 42 34 25 44 35 19 21 22 27 15 49 33  6 16  7 48 20 40 18 46 38 17 28 39 11 
35 30 19 26 37 29 44  7 33 27  6 28 14 11 32  3 49  9 24 42 41 45 48 16 15 38 47  5 18 31 40  4 23 39  2 34  8 22 10 46 12 17 43 36 20 21 25  1 13 
48 27 28 18 39 49  2 47 43 29 45 44 16 38 22 12 21  7 10 40 36 46  8 13 31 20 14 17 30  6  3 42 33 37 34  1 19 15 24 32 25 11  5 23 41  9 26 35  4 
25 15 43  6 45 21 17  8 13 30 24  1 48 19 46 20 44 34 38 16 39 35  2 11 27 18 49 29 32  5 41  7 28 47 12 23 31  9 26 36 42  4 14 10 22 37 40  3 33 
10 42 34  1  7 33 11  5 22 40 15 20 18 49 28 35 31 48 14 19  4 23 36  9 26 41  6 21 38 25  8 17 46 45 44  2 43 39 37 13 30  3 12 29 24 16 27 47 32 
 9  4 40 16 31 47 41 25 37 17 32 46 42 39 33 15 13 23 11  1  5 10 22  7 12 24 28  3 20 26 14 29 43 36 48 21 18 38 27 49 35 44 45  8 34  2  6 30 19 
38 20 46 32 36  8 22 23 34  2 21 12 35  3 26 37 25 18 17 27  6 33 19 40 39 43 30  4 10  1 16  9 13 24 11  5 45 14 28 29 47 41  7 49 44 48 42 31 15 
