execute time: 2
vars number: 1728
constraints number: 57504
matrix result: 
 8  3  6 10  4  9  1  5  2  7 11 12 
10  5  2  6  8  4  9  7 12 11  3  1 
 7  9  1 11  3  5 10  2  6 12  8  4 
 3  4  7  5  2  8  6 12  1 10  9 11 
 1  6  3  2  9  7  4 11  5  8 12 10 
 2 12 10  3  5  1 11  6  9  4  7  8 
 6 11  9  4  1 12  7 10  8  5  2  3 
 4  1 11 12  6  2  3  8 10  9  5  7 
 5  7  8  9 10  3 12  1 11  6  4  2 
11  8  5  7 12  6  2  3  4  1 10  9 
12 10  4  1  7 11  8  9  3  2  6  5 
 9  2 12  8 11 10  5  4  7  3  1  6 
