execute time: 29
vars number: 46656
constraints number: 6537716
matrix result: 
27 26  9 29 34 32 19 15 21 23 13  8  3 25  4 12 17 20 10 31  2 11 14 36  7 30 35  1 24 22  5  6 16 33 18 28 
 2 12 23  1 19  4 22 17  5 25 18 36  7  9 11 24 10 33 13 28 30  3 29 26 20 14 16 34  6 27 21 35  8 15 32 31 
30 10 22 35  8  5  1  4 31  7 32 20 26 28 34 27 19 29 12 24 18 16 23  6 33  2 36 21 15 11 13  9  3 14 17 25 
36 28 31 16 20  3 34 29 27 11  6 24  5 14  1 21 32  2 22  9 35 15  8 33 17 26 25 10 13 18  7 12 19 23  4 30 
13 24 18 17 33 21 16 28 26 12 14 35  6 15 23 31 36 30 27 25  1  7 19  4 29  3 32  5  9  8 22 34  2 20 10 11 
15 14 25  7  6 11 33  2 30  9 10  3 22  8 13 16 35 18 21 17 34 20 32  5 28 19  4 12 23 31 36 24  1 29 26 27 
24 21 36 11 31 30  9 34  4  5 26 10 15  2 29  1  3  8 35  7 12 17 18 22 14 13 27 23 33 19  6 16 25 32 28 20 
18 29  6 23 32 10  8  3 11 17 35 25 30 21 16 19 24 28 34  5 13 33 27  1  9 20  2  4 31 15 26  7 36 12 14 22 
35 19  4  3  5  7 15 18 14 21 29 31 25 33 26 32 20 13 24  6 28  8 36 30 16 12  1 22 17 34  2 27 10  9 11 23 
22 17 34 15 25  2 30 24 19 20 28  1 36 23 27  6 12  7 14 16 11  9 21 31  3  5 26 32 10 35 18 29  4 13  8 33 
20 33 13 28 14 26 27 12 16 22 23  2 34 35  5 18  9 31  3 15 32 10  4 29  6 25 11  7  8 36 24 21 17 30 19  1 
 9  1  8 12 16 27  7 13  6 32 36 33 11 22 17 10  4 14 20 19 23  2 26 25 24 28 29 30 18 21  3 31 35 34 15  5 
 5 22  1 36 21 12 23 14  2  4  8 27 17  7 20 13 34 16 33 30 26  6 24 11 31 29 15 35 19 25 32  3 28 18  9 10 
34  8 16 13  3 24 17  7 12 29 31  9 10 18 14 15 25  1 36  2 22 19 28 23 26 21 33 20 32  6 27  5 11  4 30 35 
28 32 17 30 35 14 11 25 22 33 19 18  4  6 31  8 21 23  1 27 16 12  5 20 34 10  9 13 36  3 29 15 26  2 24  7 
33 23 29 27 26 25 28 20 10 30 21 34 19 36  9  5  2 32 15 35  4 18  7  3 22 24  8 14 11 16  1 13 12 31  6 17 
 4 31  2  9  7 18  6 26 36  3 15 13 24 11 30 33 22 35  8 14 10 29 17 32  5 27 12 28  1 23 19 20 34 21 25 16 
 6 11 10 19 15 20  5 16 35  1 24 32 29 26 12 28 27  3  9 21 31 13 25 34 18  4 17  2  7 30  8 23 14 22 33 36 
23  6 24 10 18 15  3 35 13 31 11 28  2 34 36 25 16 17  5 26 19 32 12 14 30  8 22 29 27  7  9 33 20  1 21  4 
12 34  7  5 29  1  2 21 23  8 25 19 35 27 33  4 14 10 18  3  6 24 22 28 36 16 13  9 20 32 11 30 15 17 31 26 
 3 20 27 22  9 35  4 32 33 15  5 26 28 31 24 11 29 21 17 23 25 30 34 13 10 18 14 19 12  1 16  8  6 36  7  2 
32 30 33  2 11 19 18 27  9 36  7 17 13  1  3 22  6 26 16  8 20 31 15 21  4 34 23 24 28  5 25 10 29 35 12 14 
16 13 26 21 28 36 29 22 20  6  1 14  8 12 32  7 30 15  2  4  9 35 10 27 25 11 31 33  3 17 34 18  5 19 23 24 
25  4 14  8 17 31 12 10 24 34 16 30 23 19 18 20  5  9 11  1 29 36 33  7 15  6 21 26 35  2 28 32 27  3 22 13 
14  7  5 31  4  9 24 33  3 13  2 11 12 29  6 30  8 25 32 18 17 34 35 16  1 15 20 27 21 10 23 28 22 26 36 19 
29 16 32 25 13  8 36 23 18 10 22 12  1  3 28 14 15 11 30 20 21  5  6 24 19 35  7 17 34 26 33  4 31 27  2  9 
 1 36 15 18 10 34 20  6 29 35 30  4 32 16  2 23 33 19 26 13 27 25  9  8 12 31 28 11 22 24 17 14 21  7  5  3 
26 27  3 24 12 28 14 19  1 16 17 21  9 20 22 34 31  5 29 36  7 23  2 10  8 33 18 25 30  4 15 11 13  6 35 32 
19 35 11 20 30 22 32  8 28 26 34  7 21 17 10 36 13 27  4 33  3  1 31 15 23  9  5  6  2 14 12 25 18 24 16 29 
17  2 21 33 23  6 31  5 25 27  9 15 18 24 35 26  7  4 28 12 14 22 11 19 13 32  3 36 16 29 10  1 30  8 20 34 
21  9 12  6 24 13 26  1 17 18  4 16 27  5 25 29 23 36 19 10 15 28  3  2 32  7 30 31 14 20 35 22 33 11 34  8 
11  5 19  4 27 16 25 30 32  2 33 29 14 10  7 17 18  6 23 22  8 21 20  9 35  1 34 15 26 13 31 36 24 28  3 12 
 7 25 35 26 36 23 13 31 15 28 20  5 16 32  8  2  1 34  6 11 24 27 30 12 21 22 19  3  4 33 14 17  9 10 29 18 
31 18 30 34  2 17 21 36  7 14 12 22 20 13 15  3 28 24 25 29 33 26  1 35 11 23 10  8  5  9  4 19 32 16 27  6 
10 15 20 32 22 29 35 11  8 24  3 23 33  4 19  9 26 12 31 34 36 14 13 18 27 17  6 16 25 28 30  2  7  5  1 21 
 8  3 28 14  1 33 10  9 34 19 27  6 31 30 21 35 11 22  7 32  5  4 16 17  2 36 24 18 29 12 20 26 23 25 13 15 
