execute time: 1435
vars number: 1289552
constraints number: 3095020
matrix result: 
31 23 54 53  4 52 22 16 10 29 26 50 46 14 51  3  5 58 11 25 48 35 55 19 38 44  6 62 28 24 36 34 13 42  1  8 18 39  9 47 64 41 61 30 20 21 37 17 43 32 45  7 49 63 60 59 56 15 33 27 57  2 40 12 
64 18 27 17 36 24 57  7 62 11 38 33  2 19 23 22 39 31 60 53 44  1 46 14 56 42 59 35 61  9 20 30 15 16  5 63 25 40 12 43  8 32 58 47 13  3  6 29  4 41 54 34 26 50 55 37 10 28 45 51 52 21 49 48 
 5 46  3 34 10 39 42 45  9 27 41  1 13 64 59 24 38 33 17 56 62 57  6 18 52 63 15 11 43 22 54 40 32 50 51 49 48 28 53  4 31 55 14 60 26 23 25  2 19 29 20 58 21 12 47  8 44 30 37 16 35  7 36 61 
40 25 44 47 37 20 15 51 56 54 30 35 34 49  7  5 28 36  4  3 10 13 26 29 21 46 58 39 31 23 41 53 19 55 38 57 52 14 11 27  1 50 42 18 22 16 45 12 17  2 61  9 64 33 48 62 24 59  6 43 32 63 60  8 
50  2  8 32 26 33  9 61  6 44 28 18  4 47 12 16  7 22 21 24 59 63 45 37 55 25 19 51 29 49 60 57 36 58 20 35 41 23 30 54 10 52 43 15 34 62 40 48 11  3 56 31 53 42 27 38  5 17 39  1 46 13 64 14 
19 62 49 30 35 60 56 29 61  8 63 20 21 52 32 15 27 16 12 41 43 47 51  9  1 48  2 26 13 17 10 18  6 64 24  7 45 33  3 37 11 57  4 44 53 39 38 59  5 46 36 23 22 14 40 28 58 50 54 31 42 34 25 55 
 1 14  6 12 48 41 11 28 17 45 55 57 43 25 40 58 30 49 34 15  8 64 42  2 37 47 50 33  7 32  3  5 29 60 21 31 61 59 62 44 36 27 46 63 56 19 24 54 52 51 13 39 10 35 18 16 53 23  9 22 38  4 20 26 
13 55 43 63 38 59 21 58 42 39 37 60 53 48 36 31 52 23 61 54 40 32 20 50 45 27  4 14 12  8 16 64 46 34  2 10 56 22 17 26 33  7 28 51  5 35  9 49 25 24  6 57 30 15 44  1 18  3 11 41 29 62 19 47 
53 20 11 15 12 58 33 17 39 59 24 61 26 36 56 32 60 37  2 27  4 54 18 16  8 49 64 48 35 57 38 19 41 30  3 13 62 44 25 42  9  6 40 55  7 63 29 34 31 10 14 50  1 46 21 52 23 22 28 47 51 43  5 45 
44 57 36 35 43 31 18 40 29 13 47 34 23  8 11 45 48  1 33  5 50 51 32 21 60 20 22 46 27 54  6 28 14 19 52 16 64  2 26  7 58 30 10 61 17 38 59 41  3 39 37 25 42  4 53 63 15  9 24 55 62 56 12 49 
38 60 32 45 55 21 39 49 25 22 10  5 33 50  6 17 42 41 52 59 47 26 11  8 53  2 34 44 40  3 62 29 48 36 54 20 28 61 31 58 24  1 57 12 51 27 16  4 18 43 23 56  9 30 15 13 37 63 64 14  7 35 46 19 
 2 28 41 25 22 50  4 30 55 40 16 27 58 53 46 43  6 13 57 38 56 23 14 61 32  1 17  7 51 10  9 63 12 37 45 34 33 35 21 59 42 44 19 20 48 54 15 64 36 49 47 62  5 26 24 29 11 52  8  3 60 39 31 18 
26  9  1  5 56 46 19 48  3 63 54 49 14 42 30 21 55 43 29 20 22 31 25 34 12 58 24 45 52 13 37 61 39 53 47 27 23 15 10 60 62 28 36 35 11  2 18 50 33  8 59 64  7 32 51 57  4 16 38 44 40  6 41 17 
47 54 51 61 34 42  7 59 57  4 12 62 28 31 52 18 17  9 30 64 15 44 39 63  5 43 33 55 23 41 56 26 50 40 49 46 24 38 32  6 45 37 21 53 25 14  3  8 60 11 22  2 19 16 20 35 27  1 36 10 13 58 48 29 
37 52 62 14 29 64 16  8 15 38 60 44 35  7 48 19 12 40  3 45 49 10 24 28 36 11 30  4 59 25 50 31  9 51 56 43  1 63 18 57 47 13 39 22 23 33  5 46 27  6 55 61 34 41 58 17 21 54 53  2 26 20 32 42 
27 10 23 13 63  3  6 24  1  2 20 64  9 51 37 41 53 19 46  7 36 62 35 58 47 15 21 16 18 39 42 14 17 29  8  4  5 11 22 55 49 60 56 31 52 26 32 43 12 44 48 38 45 54 28 40 30 57 61 25 59 50 33 34 
 4 50 28 42 17 37 60 20  2 56 45 53 25 23 22 10 19 63 39 55 21 11 36 54 61 30 47 41 24 31 26 49 43 35 44 40 27 16 64 34 18 33 12 38 59  5 46  6  1 13 29 48 15 58 57  7 62 32 52  9 14  8  3 51 
 7  3  9 26 46 38 51  5 64 21 35 11 61 40 34 12 56 17 15 33 30  6 44 62  2 29 53 23 10 19 57 45 52 24 25 58 63  1 49 50 43 47 60 42 32 36 41 20 16 22  8  4 31 18 54 14 48 39 13 37 27 28 55 59 
41 64 57 18 44 35 34 23  7 37 17 29 55 20 63 14  8 53  5 46 32 61 12 43 58  6 52 50 54 40  4 60 38 28 15 59  3 13 48 10 19 31  9 39 27  1 49 24 51 62 30 21 33 45 36 25 16 47 42 11 22 26 56  2 
12 21 14 10 61 15 32 39 47 33 51  9 18 57 28 27  1  2 59 58 31 41 29 42 35  3 63 25 55 16 43 48 62 56 53 37 60  6 23 45  7 54 11 34  8 13 30 22 40 26 46 17 38 52 64 44 50  4 20  5 49 19 24 36 
45 58 22 55  6 36 49 56 44 52 19  4 39  1 16 30 37 27 50 51 28 18 10 35 33 13 62  5 34 21 12 59 47 32 42 54 14  7 20  8  2 17 26 40  3 48 57 15  9 53 41 11 60 61 43 24 29 46 31 23 25 64 38 63 
48 27 40  1 16  2 43 52 60 49  8 15 32 13 54 42 24 14 47 26 45  3  7 64 28 18 37 22  9 38 39 36 55 11 17 33 31 21 46 30 23 29 50  4 62 10 51 25 56 63  5 59  6 19 34 20 61 12 35 57 58 41 53 44 
59 19 47  8 25 13 31 33 38 24 46 43  3 26 62  6 40  4 23 48  9 52 16 22 15 56 44 64  1 11 14 20  2 41 29  5 36 51 57 18 37 58 35 45 55 53 61 63 39 28 32 27 12 49 42 50 60 10 34 54 30 17 21  7 
62 11 63 29 30 54 24 53 31 50 58 41 48 59  5 36 49 57 20 34 60 25 38 13 27  7 51 42  8 46 17 32 22 26 61 39  4 12 19  9 56 14 64 21 16 44 52 28 37 35  2 47  3 55 10 23 43 40 18 33  6 45  1 15 
11 45 16 22 28  9 63 14 51 62 31 36  6 54 39 34 10 47 58 50 46 40 30 59 26 21 32 38 20  7 29 25 61 18 27 53 55 42 44 23 41  5 15 43 12 57  1 33 24 60 52 19 13  8  3  2 17 35 48 56  4 49 37 64 
21 17 12 58 32 40 37 47 27 30 18 25 49  9 26 46 63 52 44 62 42 36 31  3 24  5 45 15 11 43 51  6 54  2 60 28 29 56 13 19 59 20  7 48 35 55 14 39 64 16  4 33 41 10 50 61  8 38 57 53  1 23 34 22 
15 48 30 64  1  6 52  3 58 12 21 24 29  2 55 53 43 56 41 57 13  8 60 25 42 31 28 49 17 62 35 44 45 39  7 22 50 20  4 33 38 46 23 11 54 32 19 10 34 36 18 40 47 59 37 51 63  5 14 61  9 27 26 16 
39 26 29 20 41 23  2 60 52  1 14 19 50 15 57 61 22 28  7  6 55 34 37  4 13  8 10 47 63 56 40 16 51 46 31 24 11 49 43 25 21 53 62 17 64 30 27 36 48 42 58  5 32 38 35  9 54 45  3 12 18 44 59 33 
24 59  5 19 42 43 35 31 33 23  7 32 44 17 38  8 61 20 51 16 12 29 21 11 22 53 39 34  4 48 18  1 58 15 62 64  9  3 63 36 50 40 49 37  2  6 47 26 54 45 27 28 14 57 56 55 46 25 30 52 10 60 13 41 
 8 13  7 44 53 56 50 18 28  5 64 63 47 11 10 40 45 54 19  1 35 33  2 27 30 57  3 12 41 14 59 55 37 52 16 26 17 48 34 38 61 51 22 25 29 60  4  9 21 23 31 43 46  6 62 49 36 20 32 42 39 24 15 58 
61 33 10 49 62 55 25 46 13 20  4 45 60 22 42 56  9 64 48 14 18 38 15 23 54 19 27 37 50 36 52 58 59 57 41 21 12 32  5 35 28  8 34 16 24 31 63  3 53 30 17 26 39 44  1 11  6 51  7 29  2 47 43 40 
34 38  4 51 57 27 54 36 35 43 59 37 41 16  3 48 32 24 53 49 17 39  5 26 64 61 23  9 33 60  2 46 30  1  6 14 10  8 47 40 44 42 18 13 45 56 58 52  7 20 15 63 29 25 12 22 31 19 50 62 11 55 28 21 
49 29 46 28  9 30 20 37 40 26 50 22 19 62 35 38 47  8 13 36 39  4 64 55 63 51 11  1 32 58 34 23 27 33 12 48 16 10 15 14 17 25 45 41 57 43 60 53 44  7 21  3 52  2 61  5 42 31 59 18 56 54  6 24 
17 40 25 54 27 26 38 55 34 32 48 42 10 60 18 64 20  5 28  9 53 50 22 15 59 12  8  2 39  6 19 43 23 61 57 47 49 58 45 31  3  4 30 29 46 52 36  1 14 56 33 35 24 51 16 41 13 62 63  7 21 11 44 37 
16  6 19  3 45 32 13 11 59 36 27 46 17 12  9 44 58 10 14 35 61 42 41 33 50 28 25 53 57  4 21 38 20 62 30 29 22 24 56 63 26 39 54  2 47 37  7 31 15 40 64 18  8 60 23 34 55 48 43 49  5 52 51  1 
14 42 39 57 58 62  8  2 45 61 49 51  7 28  4 11 31 26 16 60  1 46 59  6 41 22 13 29 56 30 44 35 64 25 37 55 21 36 52  5 27 38 32 24 63 40 48 18 10  9 19 12 54 20 17 43 33 34 47 15 50 53 23  3 
63 43 52 31 47  4 64 15  8  6  3 23 20 37 24 33 54 18 32  2 25 19 56 38 40 36 48 60 16 42 45  7 35 44 34 51 46 17 50 11 55 21  5 14  9 59 10 58 49 57 62  1 28 27 13 53 41 29 12 26 61 30 22 39 
33 35 56 48 18 10 59 50 30 55 15 21 52 29 25  1 44 12 43 11 23 27 34  7 31 14  9 20 62 47  5 24 42 54  4  6 53 60 41  3 13 16 51 19 28 49 22 61 46 37 26 36 63 39 38 32  2 64 17  8 45 40 58 57 
51 24 34 60  5  7 23  1 63 41 53 39 56 58 31 57 29 21 45 17 52 48  3 49 18 10 54 61 64 26 33 37 40  9 59  2 43 19 28 13 20 15  8 62 44 12 50 35  6  4 11 22 55 47 30 42 25 27 46 32 36 14 16 38 
22 36 53 41 21 61 12 44 43 14  2 13 16  5 47 54 51 30 40 63 37 24 62 57  3 17 55 52 46 15 49 27 18 38 32  1  7 26  8 39  6 34 33 23 42 64 11 56 29 31 25 45 50 48 59 58 19 60 10 28 20  9  4 35 
43 30 13 27 49 16  1 34 14 18 57 59 51 39 29 28 33 38 24 23  2  7 53 41 25 26 40 63 37 52 61 10  4 22 46 11 19  5 36 64 54 56 48  9 21 50 42 60 20 15 44  6 62 17  8 45  3 58 55 35 12 31 47 32 
36 31 26 24 23 22 29 41  5 17 25 10 30 43  1 35 34 45 55 44  3 20  8 48 57 64 16 28 14 27 15  2 53 21 33 12 42 47  6 51  4 62 63 32 58 11 39 38 50 54 40 49 61 37  9 18  7 56 60 13 19 59 52 46 
55 39 48  6 59 45 44 38 11 58 34  3 40 27 15 23 46 62 37 22 63  9 28 56  7 50 36 32 30 20 13 33 60 31 43 41  8 52 54 61 12 19 53 10 49 25 26 47 42  1 16 14 35  5  2 64 57 24 29 21 17 51 18  4 
57 56 20 21  2 51 40 12 53 60 36  7 22 46 44  4 14 32 18 19 27 15 49 17 39 35 38 31 42 55 47  8 16 13 50 62 59  9 58 29 34 24  3  5  6 61 28 37 63 52 10 30 23 43 11 33 45 26 41 64 48  1 54 25 
60  7 35  9  8 11 62 25 21 42 56 48 54  6 33 47 13 61 26  4 16  5 52 31 19 34 12 17 45 44 46  3 10 27 23 30 32 55 24 20 51 64  1 59 18 15 43 14 58 38 28 41 57 36 29 39 49  2 40 63 37 22 50 53 
10 32 18 37 52 53 47 54 12  9 62 55  8 61  2 63 11  6 42 30 64 59 50  1  4 24 41 21 49 29 58 51  7 45 28 25 34 57 38 17 35 23 44 27 31 22 20 40 26 48 60 13 56  3 46 19 14 43 15 36 33 16 39  5 
 3 61 15 50 33 17 46 42 20 19 13 26 24 32 64 37 35 25 36 10 29 21 58 40 43 23 60 54 22  5  1 11 63 14 48 56 39 18  2 49 52 45 16  7 41  8 55 57 47 34 12 51 59 53  4 31 28  6 62 30 44 38  9 27 
28 63 58  4 64 14  5 19 50 16 52 38 31 41 45 49 57 60 54 47 51 12 43 39 48 62 18 56  6 59 53  9 44  3 40 15 26 37 35  1 29 36  2 46 33 17 13 30 22 21  7 55 25 24 32 27 20 42 23 34  8 61 10 11 
35 37 21 23 15 18 17 57 54  7  9 14 12 34 49 20 62  3 25 32 24 45 27 30 29  4  1 10 47 33 11 22  8 59 26 61 40 53 51 28 46 48 38 36 43 41 64 19 13 55 63 60  2 31 39  6 52 44 58 50 16  5 42 56 
46  4 64 56 13 34 61 26 19 48  5 16 42 10 60 55 59 39  6 28 58 17 33 51 23 37 35  3 53 45  8 15 21 63 14 18 38 54 29 41 32 22 20 49  1 47 12 62 30 50 57 44 27 40 52 36  9 11  2 24 31 25  7 43 
54 47  2 33 51 12 41 32 36 57 22 30  1 35 53 29 16 42 64 61 26 14 23 52 44 38 20 59 48 28 31 39  5 10 19 50 58 43 37 62 63 11 27  6  4  9 21  7 45 18  3 24 17 56 25 46 34 13 49 40 55 15  8 60 
52  5 31 62  3 48 36  6 18 15 40 56 45 38 21 51  2 46  1 37 57 55 54 53  9 60 49 43 19 34 32 50 33 47 35 23 20 27 39 22 25 10 24  8 14 58 44 13 61 59 42 29 16 11  7  4 64 41 26 17 63 12 30 28 
30 44 42  7 50 49 45 22 26 64 61 58 27 63 43 59 21 35  8 31 38 60  9 20 17 55 56 13 25 18 24 62 11  4 36  3  6 46 16 12 40  2 52 33 15 51 23  5 28 47 34 54 37  1 41 48 32 14 19 39 53 57 29 10 
58  1 24 39 19 25 14 63 46  3 44 31 11  4  8 50 41 48 10 40 34 43 47  5  6 52 57 36  2 12 27 42 49  7  9 45 13 30 60 32 16 26 29 56 61 28 17 55 38 33 53 15 20 64 22 21 35 18 51 59 54 37 62 23 
 9  8 38 40 60 28 53 10 41 25  6 47 37 33 17 52 15 29 63 13 11 56 19 12 51 16  7 58  5 61 64 21 24 48 55 44 57 34 42  2 39 59 31 50 30 18 54 45 62 14 35 32 43 23 49 26  1 36 22  4  3 46 27 20 
20 16 55 59 11 29 27 43 32 28 23  2 62 24 13 39 36 50 22 18  7 49  4 44 14 54 46 40 26 63 30 41 31 17 64 52 15 25  1 56 53  3 37 57 60 34 35 42  8  5 51 10 58  9 19 12 38 61 21 48 47 33 45  6 
18 15 61 46  7 47 55  9 48 10  1 54  5 56 19 62 50 44 31 21 33 28 57 24 16 40 42 30 36 37 23 52  3  6 63 32 35 41 27 53 22 49 17 26 38 45  2 51 59 64 39 20  4 34 14 60 12  8 25 58 43 29 11 13 
42 22 60 52 14 44 30 13 23 34 32 40 64 18 27 26 25 11 62 12 41 53  1 45 20  9 61 57  3 51  7 47 28  5 39 17  2 31 55 46 15 43  6 58 37  4 56 21 35 19 50  8 48 29 33 10 59 49 16 38 24 36 63 54 
29 51 50 38 39 63  3  4 24 46 43 12 57 30 61 25 23 59 27 52 20 22 13 32 34 41  5 19 58 53 28 54 26 49 18 36 37 45 33 21 14  9 55 64 10 42  8 11  2 17  1 16 40 62  6 56 47  7 44 60 15 48 35 31 
56 49 37 36 40 57 58 62  4 31 42 28 59 44 41 60 18  7  9  8  6 16 63 47 10 39 26 27 15 35 55 17  1 43 13 38 51 64 14 52 48 12 25 54 19 29 53 23 32 61 24 46 11 21 45 30 22 33  5 20 34  3  2 50 
 6 41 45 11 24  1 26 21 16 47 39 17 36 55 20  7 64 15 35 42 54 58 61 10 49 33 43 18 60  2 25 13 56  8 22  9 30 29 40 48  5 63 59 52 50 46 34 27 57 12 38 37 44 28 31  3 51 53  4 19 23 32 14 62 
23 12 59  2 54 19 48 27 49 35 29  8 63 21 58  9  3 51 56 39 14 30 17 46 62 32 31  6 38 64 22  4 34 20 11 42 47 50 61 16 60 18 13 28 40 24 33 44 55 25 43 53 36  7  5 15 26 37  1 45 41 10 57 52 
32 53 17 43 31  8 10 64 22 51 33  6 38 45 50  2 26 34 49 29  5 37 40 60 11 59 14 24 21  1 48 12 25 23 58 19 44  4  7 15 57 35 47  3 36 20 62 16 41 27  9 52 18 13 63 54 39 55 56 46 28 42 61 30 
25 34 33 16 20  5 28 35 37 53 11 52 15  3 14 13  4 55 38 43 19  2 48 36 46 45 29  8 44 50 63 56 57 12 10 60 54 62 59 24 30 61 41  1 39  7 31 32 23 58 49 42 51 22 26 47 40 21 27  6 64 18 17  9 
